ffffff
000
535353
535353
535353
535353
535353
535353
535353
000
ffffff
ffffff
535353
535353
535353
535353
535353
535353
535353
535353
535353
ffffff
ffffff
535353
535353
535353
000
000
000
535353
535353
535353
ffffff
ffffff
535353
535353
535353
000
000
000
535353
535353
535353
ffffff
ffffff
535353
535353
535353
535353
535353
535353
535353
535353
535353
ffffff
ffffff
000
535353
535353
535353
535353
535353
535353
535353
535353
ffffff
ffffff
000
000
000
000
000
000
535353
535353
535353
ffffff
ffffff
000
000
000
000
000
535353
535353
535353
535353
ffffff
ffffff
000
000
000
000
000
535353
535353
535353
000
ffffff
ffffff
000
535353
535353
535353
535353
535353
000
000
000
ffffff
ffffff
000
535353
535353
535353
535353
535353
000
000
000
ffffff
